{
 "cells": [
  {
   "cell_type": "markdown",
   "id": "8fbaf352",
   "metadata": {},
   "source": [
    "### Assignment: 1.2 Exercise, working with Arrays \n",
    "### Name: Prashant Raghuwanshi \n",
    "### Date: 9/04/2021\n",
    "### Course: DSC550-T301 Data Mining (2221-1)"
   ]
  },
  {
   "cell_type": "code",
   "execution_count": 1,
   "id": "7a8702d0",
   "metadata": {},
   "outputs": [],
   "source": [
    "import numpy as np"
   ]
  },
  {
   "cell_type": "markdown",
   "id": "b80ca490",
   "metadata": {},
   "source": [
    "####  1) Create an array of size [10,50] and use the random function to fill it with integers between 1 and 500 (inclusive). Load it to a DataFrame."
   ]
  },
  {
   "cell_type": "code",
   "execution_count": 2,
   "id": "59feb3c8",
   "metadata": {},
   "outputs": [
    {
     "data": {
      "text/plain": [
       "array([[120,  80, 309, 488, 146, 159, 210, 305, 333, 190, 360, 472, 164,\n",
       "        298, 340, 362, 240,  29, 292,  70, 102, 340, 299, 163, 279, 213,\n",
       "        318, 405, 441, 337, 140, 313,  12, 241, 216, 384, 477, 440, 303,\n",
       "        384,  45, 335,  91, 127,  61, 452, 262, 363, 209, 412],\n",
       "       [347, 159, 413, 492, 435, 293, 348, 177, 371, 237, 402,  33, 206,\n",
       "        268, 105,  68,  18, 274, 483, 171,  16, 120, 249, 479, 447, 212,\n",
       "        238, 302,  67, 280, 498, 310, 466,  17,  34, 370,  98, 314, 224,\n",
       "        126,  94, 231, 449, 102,  37, 384, 282,  66, 365, 132],\n",
       "       [288, 105, 231,  19, 381, 420, 222, 136, 256, 117, 253, 358, 154,\n",
       "        352, 343, 297,  27, 213, 123, 371, 153, 408,  94, 260, 141, 336,\n",
       "         31,  34,  77,   3, 275, 128, 458, 448,  92,  70, 295, 309, 114,\n",
       "        439, 181, 138, 399, 174, 209, 193, 448, 113, 328, 175],\n",
       "       [254, 436,  39, 360,  10, 457, 203, 199,  75, 467, 405, 233, 206,\n",
       "        488, 383, 402, 270, 175, 340,  85, 332, 113,  78, 318, 310, 334,\n",
       "        430, 398, 284, 231, 221, 465,  34, 154,  74, 295, 242, 325, 269,\n",
       "        378, 496, 230, 191,  55, 481, 453, 408, 339,  95, 451],\n",
       "       [474, 223, 124, 282, 465, 167, 241, 420, 481, 326, 257, 215, 196,\n",
       "        419, 285, 279, 484, 361, 350, 471, 367, 175, 461, 323, 402, 270,\n",
       "         24, 388, 187,  31, 355, 132, 109, 357, 385, 425, 265, 476, 228,\n",
       "        282, 300,  99, 264,  65, 497, 388, 253, 476,  27, 196],\n",
       "       [462, 403, 483, 419, 346, 476, 460, 255, 468, 491, 464, 274, 297,\n",
       "        114, 204,   7, 195, 399,  98, 466,  23,  41, 228,  83, 350,  45,\n",
       "         50, 392,  35,  62, 466, 341, 242, 481, 229, 385, 137, 334, 459,\n",
       "        179,   1, 312, 296,  88, 282, 144, 399,  18, 311, 318],\n",
       "       [ 31, 142, 271, 209, 233, 203,  26,  85, 109, 316,   2, 349, 328,\n",
       "        212, 196, 261,  80, 290,  93, 474, 214, 227, 317, 110,  51, 456,\n",
       "        107, 246, 333, 378, 171, 422,  29, 165, 332, 157, 460, 289,  25,\n",
       "        346, 195, 390,  55, 308, 439, 227, 144, 368, 497, 336],\n",
       "       [194, 286, 171, 239, 154, 107, 178, 480, 310, 231, 268,   4, 154,\n",
       "        250, 354, 261, 413, 167,  19, 180, 349, 345, 177, 431,  42, 257,\n",
       "        140, 201, 451, 199, 210, 405, 455, 174, 133, 204, 469,  84, 169,\n",
       "        108, 164, 216, 141,  78, 418, 415, 152, 314, 255, 194],\n",
       "       [ 43, 151, 404, 331, 379,  49, 343, 446, 269, 443, 103, 224, 466,\n",
       "        137, 299, 500, 424, 483, 483, 352, 270, 218, 169,  51, 422, 311,\n",
       "         50, 303, 407, 237, 171, 131, 143, 169, 325, 395, 386,  43, 424,\n",
       "        366, 349, 241, 479, 462, 314, 345, 115, 334,  38, 349],\n",
       "       [226, 370,  17,  13, 316,  95, 162, 448, 500, 328, 491, 349, 192,\n",
       "        210, 347,  32, 229, 244, 435, 398, 143,  77, 452, 277,   3, 104,\n",
       "        293, 353, 233, 142,  81,  70, 365, 482,  51, 338, 262, 463, 290,\n",
       "        195, 114,  19, 428, 147, 405,  54,  12, 131, 363, 303]])"
      ]
     },
     "execution_count": 2,
     "metadata": {},
     "output_type": "execute_result"
    }
   ],
   "source": [
    "array_randnums= np.random.randint(1,501, size=(10,50))\n",
    "array_randnums"
   ]
  },
  {
   "cell_type": "markdown",
   "id": "ee8f34ed",
   "metadata": {},
   "source": [
    "#### 2) Calculate the sum of each row; the sum of each column; and the sum of all entries.\n"
   ]
  },
  {
   "cell_type": "code",
   "execution_count": 3,
   "id": "14314136",
   "metadata": {},
   "outputs": [
    {
     "data": {
      "text/plain": [
       "[13131, 12309, 11189, 13971, 14727, 13512, 11704, 11770, 14346, 12052]"
      ]
     },
     "execution_count": 3,
     "metadata": {},
     "output_type": "execute_result"
    }
   ],
   "source": [
    "sumofeachrow = np.sum(array_randnums,axis=1).tolist()\n",
    "sumofeachrow"
   ]
  },
  {
   "cell_type": "code",
   "execution_count": 4,
   "id": "be1d5be5",
   "metadata": {},
   "outputs": [
    {
     "data": {
      "text/plain": [
       "[2439,\n",
       " 2355,\n",
       " 2462,\n",
       " 2852,\n",
       " 2865,\n",
       " 2426,\n",
       " 2393,\n",
       " 2951,\n",
       " 3172,\n",
       " 3146,\n",
       " 3005,\n",
       " 2511,\n",
       " 2363,\n",
       " 2748,\n",
       " 2856,\n",
       " 2469,\n",
       " 2380,\n",
       " 2635,\n",
       " 2716,\n",
       " 3038,\n",
       " 1969,\n",
       " 2064,\n",
       " 2524,\n",
       " 2495,\n",
       " 2447,\n",
       " 2538,\n",
       " 1681,\n",
       " 3022,\n",
       " 2515,\n",
       " 1900,\n",
       " 2588,\n",
       " 2717,\n",
       " 2313,\n",
       " 2688,\n",
       " 1871,\n",
       " 3023,\n",
       " 3091,\n",
       " 3077,\n",
       " 2505,\n",
       " 2803,\n",
       " 1939,\n",
       " 2211,\n",
       " 2793,\n",
       " 1606,\n",
       " 3143,\n",
       " 3055,\n",
       " 2475,\n",
       " 2522,\n",
       " 2488,\n",
       " 2866]"
      ]
     },
     "execution_count": 4,
     "metadata": {},
     "output_type": "execute_result"
    }
   ],
   "source": [
    "sumofeachcolumn = np.sum(array_randnums,axis=0).tolist()\n",
    "sumofeachcolumn"
   ]
  },
  {
   "cell_type": "markdown",
   "id": "08b1ceb5",
   "metadata": {},
   "source": [
    "#### 3) Determine the minimum; maximum; average; and standard deviation of all entries."
   ]
  },
  {
   "cell_type": "code",
   "execution_count": 5,
   "id": "b5473680",
   "metadata": {},
   "outputs": [],
   "source": [
    "minimum = np.min(array_randnums)\n",
    "maximum = np.max(array_randnums)\n",
    "mean = np.mean(array_randnums)\n",
    "standarddeviation = np.std(array_randnums)"
   ]
  },
  {
   "cell_type": "code",
   "execution_count": 6,
   "id": "d437a84e",
   "metadata": {},
   "outputs": [
    {
     "data": {
      "text/plain": [
       "(1, 500, 257.422, 140.7367326464559)"
      ]
     },
     "execution_count": 6,
     "metadata": {},
     "output_type": "execute_result"
    }
   ],
   "source": [
    "minimum, maximum, mean, standarddeviation"
   ]
  },
  {
   "cell_type": "markdown",
   "id": "8b94d572",
   "metadata": {},
   "source": [
    "#### 4) Sort the DataFrame: \n",
    "##### a) sort on column 2\n",
    "##### b) sort on row 2."
   ]
  },
  {
   "cell_type": "code",
   "execution_count": 7,
   "id": "b98deb5c",
   "metadata": {},
   "outputs": [
    {
     "data": {
      "text/plain": [
       "array([[120,  80, 309, 488, 146, 159, 210, 305, 333, 190, 360, 472, 164,\n",
       "        298, 340, 362, 240,  29, 292,  70, 102, 340, 299, 163, 279, 213,\n",
       "        318, 405, 441, 337, 140, 313,  12, 241, 216, 384, 477, 440, 303,\n",
       "        384,  45, 335,  91, 127,  61, 452, 262, 363, 209, 412],\n",
       "       [288, 105, 231,  19, 381, 420, 222, 136, 256, 117, 253, 358, 154,\n",
       "        352, 343, 297,  27, 213, 123, 371, 153, 408,  94, 260, 141, 336,\n",
       "         31,  34,  77,   3, 275, 128, 458, 448,  92,  70, 295, 309, 114,\n",
       "        439, 181, 138, 399, 174, 209, 193, 448, 113, 328, 175],\n",
       "       [ 31, 142, 271, 209, 233, 203,  26,  85, 109, 316,   2, 349, 328,\n",
       "        212, 196, 261,  80, 290,  93, 474, 214, 227, 317, 110,  51, 456,\n",
       "        107, 246, 333, 378, 171, 422,  29, 165, 332, 157, 460, 289,  25,\n",
       "        346, 195, 390,  55, 308, 439, 227, 144, 368, 497, 336],\n",
       "       [ 43, 151, 404, 331, 379,  49, 343, 446, 269, 443, 103, 224, 466,\n",
       "        137, 299, 500, 424, 483, 483, 352, 270, 218, 169,  51, 422, 311,\n",
       "         50, 303, 407, 237, 171, 131, 143, 169, 325, 395, 386,  43, 424,\n",
       "        366, 349, 241, 479, 462, 314, 345, 115, 334,  38, 349],\n",
       "       [347, 159, 413, 492, 435, 293, 348, 177, 371, 237, 402,  33, 206,\n",
       "        268, 105,  68,  18, 274, 483, 171,  16, 120, 249, 479, 447, 212,\n",
       "        238, 302,  67, 280, 498, 310, 466,  17,  34, 370,  98, 314, 224,\n",
       "        126,  94, 231, 449, 102,  37, 384, 282,  66, 365, 132],\n",
       "       [474, 223, 124, 282, 465, 167, 241, 420, 481, 326, 257, 215, 196,\n",
       "        419, 285, 279, 484, 361, 350, 471, 367, 175, 461, 323, 402, 270,\n",
       "         24, 388, 187,  31, 355, 132, 109, 357, 385, 425, 265, 476, 228,\n",
       "        282, 300,  99, 264,  65, 497, 388, 253, 476,  27, 196],\n",
       "       [194, 286, 171, 239, 154, 107, 178, 480, 310, 231, 268,   4, 154,\n",
       "        250, 354, 261, 413, 167,  19, 180, 349, 345, 177, 431,  42, 257,\n",
       "        140, 201, 451, 199, 210, 405, 455, 174, 133, 204, 469,  84, 169,\n",
       "        108, 164, 216, 141,  78, 418, 415, 152, 314, 255, 194],\n",
       "       [226, 370,  17,  13, 316,  95, 162, 448, 500, 328, 491, 349, 192,\n",
       "        210, 347,  32, 229, 244, 435, 398, 143,  77, 452, 277,   3, 104,\n",
       "        293, 353, 233, 142,  81,  70, 365, 482,  51, 338, 262, 463, 290,\n",
       "        195, 114,  19, 428, 147, 405,  54,  12, 131, 363, 303],\n",
       "       [462, 403, 483, 419, 346, 476, 460, 255, 468, 491, 464, 274, 297,\n",
       "        114, 204,   7, 195, 399,  98, 466,  23,  41, 228,  83, 350,  45,\n",
       "         50, 392,  35,  62, 466, 341, 242, 481, 229, 385, 137, 334, 459,\n",
       "        179,   1, 312, 296,  88, 282, 144, 399,  18, 311, 318],\n",
       "       [254, 436,  39, 360,  10, 457, 203, 199,  75, 467, 405, 233, 206,\n",
       "        488, 383, 402, 270, 175, 340,  85, 332, 113,  78, 318, 310, 334,\n",
       "        430, 398, 284, 231, 221, 465,  34, 154,  74, 295, 242, 325, 269,\n",
       "        378, 496, 230, 191,  55, 481, 453, 408, 339,  95, 451]])"
      ]
     },
     "execution_count": 7,
     "metadata": {},
     "output_type": "execute_result"
    }
   ],
   "source": [
    "sortoncolumns = array_randnums[array_randnums[:, 1].argsort()]\n",
    "sortoncolumns"
   ]
  },
  {
   "cell_type": "code",
   "execution_count": 8,
   "id": "a5ce4f35",
   "metadata": {},
   "outputs": [
    {
     "data": {
      "text/plain": [
       "array([[102, 241, 240, 472, 216,  61, 363, 441, 362,  45, 477, 127, 340,\n",
       "        340, 384, 412,  80,  70, 305, 164, 213, 303, 335, 190, 318, 299,\n",
       "        298,  29, 337, 262, 159, 405, 313, 440, 120, 210, 209, 384, 333,\n",
       "        452, 360, 309, 146, 279,  91,  12, 163, 292, 488, 140],\n",
       "       [ 16,  17,  18,  33,  34,  37,  66,  67,  68,  94,  98, 102, 105,\n",
       "        120, 126, 132, 159, 171, 177, 206, 212, 224, 231, 237, 238, 249,\n",
       "        268, 274, 280, 282, 293, 302, 310, 314, 347, 348, 365, 370, 371,\n",
       "        384, 402, 413, 435, 447, 449, 466, 479, 483, 492, 498],\n",
       "       [153, 448,  27, 358,  92, 209, 113,  77, 297, 181, 295, 174, 343,\n",
       "        408, 439, 175, 105, 371, 136, 154, 336, 114, 138, 117,  31,  94,\n",
       "        352, 213,   3, 448, 420,  34, 128, 309, 288, 222, 328,  70, 256,\n",
       "        193, 253, 231, 381, 141, 399, 458, 260, 123,  19, 275],\n",
       "       [332, 154, 270, 233,  74, 481, 339, 284, 402, 496, 242,  55, 383,\n",
       "        113, 378, 451, 436,  85, 199, 206, 334, 269, 230, 467, 430,  78,\n",
       "        488, 175, 231, 408, 457, 398, 465, 325, 254, 203,  95, 295,  75,\n",
       "        453, 405,  39,  10, 310, 191,  34, 318, 340, 360, 221],\n",
       "       [367, 357, 484, 215, 385, 497, 476, 187, 279, 300, 265,  65, 285,\n",
       "        175, 282, 196, 223, 471, 420, 196, 270, 228,  99, 326,  24, 461,\n",
       "        419, 361,  31, 253, 167, 388, 132, 476, 474, 241,  27, 425, 481,\n",
       "        388, 257, 124, 465, 402, 264, 109, 323, 350, 282, 355],\n",
       "       [ 23, 481, 195, 274, 229, 282,  18,  35,   7,   1, 137,  88, 204,\n",
       "         41, 179, 318, 403, 466, 255, 297,  45, 459, 312, 491,  50, 228,\n",
       "        114, 399,  62, 399, 476, 392, 341, 334, 462, 460, 311, 385, 468,\n",
       "        144, 464, 483, 346, 350, 296, 242,  83,  98, 419, 466],\n",
       "       [214, 165,  80, 349, 332, 439, 368, 333, 261, 195, 460, 308, 196,\n",
       "        227, 346, 336, 142, 474,  85, 328, 456,  25, 390, 316, 107, 317,\n",
       "        212, 290, 378, 144, 203, 246, 422, 289,  31,  26, 497, 157, 109,\n",
       "        227,   2, 271, 233,  51,  55,  29, 110,  93, 209, 171],\n",
       "       [349, 174, 413,   4, 133, 418, 314, 451, 261, 164, 469,  78, 354,\n",
       "        345, 108, 194, 286, 180, 480, 154, 257, 169, 216, 231, 140, 177,\n",
       "        250, 167, 199, 152, 107, 201, 405,  84, 194, 178, 255, 204, 310,\n",
       "        415, 268, 171, 154,  42, 141, 455, 431,  19, 239, 210],\n",
       "       [270, 169, 424, 224, 325, 314, 334, 407, 500, 349, 386, 462, 299,\n",
       "        218, 366, 349, 151, 352, 446, 466, 311, 424, 241, 443,  50, 169,\n",
       "        137, 483, 237, 115,  49, 303, 131,  43,  43, 343,  38, 395, 269,\n",
       "        345, 103, 404, 379, 422, 479, 143,  51, 483, 331, 171],\n",
       "       [143, 482, 229, 349,  51, 405, 131, 233,  32, 114, 262, 147, 347,\n",
       "         77, 195, 303, 370, 398, 448, 192, 104, 290,  19, 328, 293, 452,\n",
       "        210, 244, 142,  12,  95, 353,  70, 463, 226, 162, 363, 338, 500,\n",
       "         54, 491,  17, 316,   3, 428, 365, 277, 435,  13,  81]])"
      ]
     },
     "execution_count": 8,
     "metadata": {},
     "output_type": "execute_result"
    }
   ],
   "source": [
    "sortonrow = array_randnums[:, array_randnums[1, :].argsort()]\n",
    "sortonrow"
   ]
  },
  {
   "cell_type": "code",
   "execution_count": null,
   "id": "1506ae31",
   "metadata": {},
   "outputs": [],
   "source": []
  }
 ],
 "metadata": {
  "kernelspec": {
   "display_name": "Python 3",
   "language": "python",
   "name": "python3"
  },
  "language_info": {
   "codemirror_mode": {
    "name": "ipython",
    "version": 3
   },
   "file_extension": ".py",
   "mimetype": "text/x-python",
   "name": "python",
   "nbconvert_exporter": "python",
   "pygments_lexer": "ipython3",
   "version": "3.8.8"
  }
 },
 "nbformat": 4,
 "nbformat_minor": 5
}
